2 2 2 2 2 2 2    2    2 2 2 2 2 2    2 2 2 2 2 2 2 2 2 2 2 2 2 2 2  2 2 2 2 2  2 2 2  2 2  2     2 2 2 2 2 2 2 2  2 2 2 2 2 2 2 2 2 2
2 2 2 2 2 2 2    2    2 2 2 2 2 2    2 2 2 2 2 2 2 2 2 2 2 2 2 2 2  2 2 2 2 2  2 2 2  2 2  2     2 2 2 2 2 2 2 2  2 2 2 2 2 2 2 2 2 2
2 2 2 2 2 2 2    2    2 2 2 2 2 2    2 2 2 2 2 2 2 2 2 2 2 2 2 2 2  2 2 2 2 2  2 2 2  2 2  2     2 2 2 2 2 2 2 2  2 2 2 2 2 2 2 2 2 2
2 2 2 2 2 2 2    2    2 2 2 2 2 2    2 2 2 2 2 2 2 2 2 2 2 2 2 2 2  2 2 2 2 2  2 2 2  2 2  2     2 2 2 2 2 2 2 2  2 2 2 2 2 2 2 2 2 2
2 2 2 2 2 2 2    2    2 2 2 2 2 2    2 2 2 2 2 2 2 2 2 2 2 2 2 2 2  2 2 2 2 2  2 2 2  2 2  2     2 2 2 2 2 2 2 2  2 2 2 2 2 2 2 2 2 2
2 2 2 2 2 2 2    2    2 2 2 2 2 2    2 2 2 2 2 2 2 2 2 2 2 2 2 2 2  2 2 2 2 2  2 2 2  2 2  2     2 2 2 2 2 2 2 2  2 2 2 2 2 2 2 2 2 2
2 2 2 2 2 2 kust kust 3 3 3 3 3 3    3 3 3 3 3 3 3 2 2 2 2 2 2 2 2  2 2 2 2 2  2 2 2  2 2  2     2 2 2 2 2 2 2 2  2 2 2 2 2 2 2 2 2 2
2 2 2 2 2 2 kust kust 3 3 3 3 3 3    3 3 3 3 3 3 3 2 2 2 2 2 2 2 2  2 2 2 2 c  c c c  1 1  1     1 1 c c c 2 2 2  2 2 2 2 2 2 2 2 2 2
2 2 2 2 2 2 kust kust 3 3 3 3 3 3    3 3 3 3 3 3 3 2 2 2 2 1 1 1 1  2 2 2 2 c  c c 1  1 1  k     1 1 1 c c 2 2 2  2 2 2 2 2 2 2 2 2 2
2 2 2 2 2 2 kust kust 3 3 3 3 3 3    3 3 3 3 3 3 3 2 2 2 2 1 2 2 1  2 2 2 2 c  c 1 1  k 1  1     1 1 1 1 c 2 2 2  2 2 2 2 2 2 2 2 2 2
2 2 2 2 2 2 kust kust 3 3 3 3 3 3    3 3 3 3 3 3 3 2 2 2 2 1 2 2 1  2 2 2 2 c  1 1 1  1 k  1     1 1 1 1 1 2 2 2  2 2 2 2 2 2 2 2 2 2
2 2 2 2 2 2 kust kust 3 3 3 3 3 3    3 3 3 3 3 3 3 2 2 2 2 1 2 2 1  2 2 2 2 2  2 2 2  2 1  2     2 2 2 2 2 2 2 2  2 2 2 2 2 2 2 2 2 2
2 2 2 2 2 2 kust kust 3 3 3 3 3 3    3 3 3 3 3 1 1 2 2 2 2 1 2 2 dv 2 2 2 2 2  2 2 2  2 dv 2     2 2 2 2 2 2 2 2  2 2 2 2 2 2 2 2 2 2
2 2 2 2 2 2 kust kust 3 3 3 3 3 3 glaz 3 3 3 3 1 1 1 1 1 1 1 2 2 1  1 k k k 1  1 1 1  1 1  1     1 1 1 1 1 1 2 2  2 2 2 2 2 2 2 2 2 2
2 2 2 2 2 2 kust kust 3 3 3 3 3 3    3 3 3 3 3 1 1 2 2 2 2 2 2 2 2  2 2 2 2 1  2 2 2  2 2  2     2 2 2 2 2 1 2 2  2 2 2 2 2 2 2 2 2 2
2 2 2 2 2 2 kust kust 3 3 3 3 3 3    3 3 3 3 3 3 3 2 2 2 2 2 2 2 2  2 2 2 2 1  2 2 2  2 2  2     2 2 2 2 2 1 1 1  2 2 2 2 2 2 2 2 2 2
2 2 2 2 2 2 kust kust 3 3 3 3 3 3    3 3 3 3 3 3 3 2 2 2 2 2 2 2 2  2 2 2 2 1  2 2 2  2 2  2     2 2 2 2 2 1 1 kr 2 2 2 2 2 2 2 2 2 2
2 2 2 2 2 2 kust kust 3 3 3 3 3 3    3 3 3 3 3 3 3 2 2 2 2 2 2 2 2  2 2 2 2 1  2 2 1  1 1  1     1 1 1 1 1 1 2 2  2 2 2 2 2 2 2 2 2 2
2 2 2 2 2 2 kust kust 3 3 3 3 3 3    3 3 3 3 3 3 3 2 2 2 2 2 2 2 2  2 2 2 1 1  1 2 1  2 2  2     2 2 2 2 2 2 2 2  2 2 2 2 2 2 2 2 2 2
2 2 2 2 2 2 kust kust 3 3 3 3 3 3    3 3 3 3 3 3 3 2 2 2 2 2 2 2 2  2 2 2 1 ab 1 2 gr 2 2  chest 1 1 1 1 1 1 2 2  2 2 2 2 2 2 2 2 2 2
2 2 2 2 2 2 kust kust 3 3 3 3 3 3    3 3 3 3 3 3 3 2 2 2 2 2 2 2 2  2 2 2 2 2  2 2 gr 2 2  1     1 1 1 1 1 1 2 2  2 2 2 2 2 2 2 2 2 2
2 2 2 2 2 2 2    2    2 2 2 2 2 2    2 2 2 2 2 2 2 2 2 2 2 2 2 2 2  2 2 2 2 2  2 2 gr 2 2  1     1 1 1 1 @ 1 2 2  2 2 2 2 2 2 2 2 2 2
2 2 2 2 2 2 2    2    2 2 2 2 2 2    2 2 2 2 2 2 2 2 2 2 2 2 2 2 2  2 2 2 2 2  2 2 1  2 2  1     1 1 1 1 1 1 2 2  2 2 2 2 2 2 2 2 2 2
2 2 2 2 2 2 2    2    2 2 2 2 2 2    2 2 2 2 2 2 2 2 2 2 2 2 2 2 2  2 2 2 2 2  2 2 1  2 2  2     2 2 1 2 2 2 2 2  2 2 2 2 2 2 2 2 2 2
2 2 2 2 2 2 2    2    2 2 2 2 2 2    2 2 2 2 2 2 2 2 2 2 2 2 2 2 2  2 2 2 2 2  2 2 1  1 1  1     1 1 1 2 2 2 2 2  2 2 2 2 2 2 2 2 2 2
2 2 2 2 2 2 2    2    2 2 2 2 2 2    2 2 2 2 2 2 2 2 2 2 2 2 2 2 2  2 2 2 2 2  2 2 2  2 2  2     2 2 2 2 2 2 2 2  2 2 2 2 2 2 2 2 2 2
2 2 2 2 2 2 2    2    2 2 2 2 2 2    2 2 2 2 2 2 2 2 2 2 2 2 2 2 2  2 2 2 2 2  2 2 2  2 2  2     2 2 2 2 2 2 2 2  2 2 2 2 2 2 2 2 2 2
2 2 2 2 2 2 2    2    2 2 2 2 2 2    2 2 2 2 2 2 2 2 2 2 2 2 2 2 2  2 2 2 2 2  2 2 2  2 2  2     2 2 2 2 2 2 2 2  2 2 2 2 2 2 2 2 2 2
2 2 2 2 2 2 2    2    2 2 2 2 2 2    2 2 2 2 2 2 2 2 2 2 2 2 2 2 2  2 2 2 2 2  2 2 2  2 2  2     2 2 2 2 2 2 2 2  2 2 2 2 2 2 2 2 2 2
2 2 2 2 2 2 2    2    2 2 2 2 2 2    2 2 2 2 2 2 2 2 2 2 2 2 2 2 2  2 2 2 2 2  2 2 2  2 2  2     2 2 2 2 2 2 2 2  2 2 2 2 2 2 2 2 2 2
2 2 2 2 2 2 2    2    2 2 2 2 2 2    2 2 2 2 2 2 2 2 2 2 2 2 2 2 2  2 2 2 2 2  2 2 2  2 2  2     2 2 2 2 2 2 2 2  2 2 2 2 2 2 2 2 2 2